200	"	PA4-K-Unknown-Output.txt"	"	0"
-30.56	9.07	-20.14	-30.54	9.03	-20.15	0.04
-9.01	3.58	25.61	-9.11	3.56	25.64	0.11
34.08	-6.46	-12.93	34.05	-6.44	-12.94	0.04
-7.67	5.62	-30.39	-7.66	5.63	-30.39	0.0
-9.21	4.26	25.45	-9.16	4.27	25.44	0.0
14.97	-7.52	16.66	14.97	-7.5	16.66	0.0
-1.72	-6.3	-31.19	-1.75	-6.31	-31.17	0.0
-2.96	-5.94	36.18	-2.99	-6.03	36.2	0.0
19.32	-10.61	-21.05	19.32	-10.6	-21.05	0.0
12.54	25.21	13.99	12.57	24.94	13.93	0.0
-31.14	5.73	-38.35	-31.13	5.7	-38.34	0.0
-23.59	-10.62	-5.19	-23.56	-10.61	-5.24	0.0
-11.62	-30.05	-31.23	-11.58	-30.11	-31.24	0.0
-7.77	-27.45	-32.42	-7.83	-27.36	-32.4	0.0
-14.5	11.08	-22.89	-14.49	11.1	-22.88	0.0
9.35	-14.27	1.79	9.33	-14.34	1.82	0.0
16.45	25.98	-9.83	16.46	25.95	-9.82	0.0
31.69	-8.26	-11.07	31.7	-8.28	-11.07	0.0
18.46	-1.58	58.07	18.45	-1.57	58.07	0.0
31.97	-6.86	6.38	31.98	-6.87	6.38	0.0
-4.24	16.33	46.22	-4.21	16.31	46.21	0.0
26.65	3.11	-30.03	26.65	3.11	-30.03	0.0
12.31	-16.89	-8.4	12.31	-16.87	-8.39	0.0
-31.55	8.96	-21.94	-31.55	8.95	-21.94	0.0
-2.11	-19.12	-35.96	-2.15	-19.11	-35.92	0.0
14.14	-12.24	4.86	14.13	-12.22	4.85	0.0
-28.38	-30.38	-33.74	-28.35	-30.3	-33.71	0.0
27.91	-8.05	6.25	27.93	-8.17	6.29	0.0
12.33	25.41	13.12	12.32	25.51	13.14	0.0
22.94	12.96	40.85	23.0	12.99	40.85	0.0
-16.05	15.27	20.86	-16.16	15.25	20.78	0.0
-19.2	11.93	-22.71	-19.2	11.97	-22.72	0.0
24.88	16.42	-27.75	24.85	16.39	-27.69	0.0
-4.03	13.71	5.56	-4.07	13.73	5.55	0.0
-12.92	-23.79	-10.79	-12.9	-23.81	-10.77	0.0
9.02	13.62	-9.81	9.03	13.61	-9.8	0.0
3.54	23.03	8.38	3.65	22.88	8.43	0.0
-5.35	0.69	-35.84	-5.3	0.72	-35.85	0.0
19.71	-11.53	-20.52	19.64	-11.59	-20.58	0.0
14.29	26.4	8.68	14.28	26.3	8.66	0.0
21.7	-4.16	27.6	21.6	-4.03	27.55	0.0
19.51	7.93	62.65	19.5	7.94	62.61	0.0
21.18	21.54	-26.73	21.24	21.6	-26.8	0.0
32.69	4.19	15.18	32.69	4.19	15.18	0.0
-10.66	6.74	-5.87	-10.59	6.63	-5.88	0.0
-4.3	24.64	25.6	-4.29	24.71	25.6	0.0
1.3	-2.63	-25.65	1.35	-2.6	-25.69	0.0
-31.27	4.11	-39.98	-31.21	4.05	-39.9	0.0
9.14	-13.05	-19.32	9.11	-13.0	-19.28	0.0
20.26	1.6	59.54	20.24	1.61	59.54	0.0
2.72	-3.34	63.4	2.72	-3.34	63.4	0.0
-17.71	11.21	-21.86	-17.68	11.28	-21.83	0.0
-34.84	3.91	-15.68	-34.84	3.91	-15.68	0.0
31.47	18.65	-15.4	31.42	18.62	-15.39	0.0
-32.52	-14.03	-7.43	-32.56	-14.06	-7.35	0.0
14.55	6.17	63.05	14.54	6.17	63.07	0.0
25.93	3.84	31.38	25.83	3.85	31.36	0.0
0.72	3.22	-22.66	0.68	3.19	-22.63	0.0
-36.33	4.54	-32.52	-36.3	4.51	-32.5	0.0
-41.01	-9.05	-14.84	-41.03	-9.06	-14.83	0.0
29.09	-10.92	-12.03	29.17	-11.02	-12.0	0.0
-37.09	-16.9	-11.41	-37.13	-16.91	-11.38	0.0
10.71	-3.24	-21.94	10.71	-3.24	-21.93	0.0
31.92	-6.63	-22.1	31.84	-6.54	-22.03	0.0
-2.34	-10.46	13.65	-2.31	-10.38	13.64	0.0
-8.13	24.71	22.91	-8.13	24.79	22.89	0.0
8.51	-7.18	58.02	8.5	-7.08	58.02	0.0
10.35	1.15	63.19	10.35	1.15	63.21	0.0
24.34	19.8	18.62	24.35	19.82	18.63	0.0
-3.02	-5.22	43.14	-3.05	-5.25	43.14	0.0
-10.4	10.87	13.41	-10.38	10.86	13.42	0.0
-15.58	13.9	25.83	-15.75	13.83	25.81	0.0
-27.63	-14.84	-6.62	-27.63	-14.86	-6.59	0.0
27.5	2.7	-30.39	27.5	2.71	-30.41	0.0
8.21	-15.88	-14.59	8.23	-15.93	-14.6	0.0
-10.67	-26.83	-37.98	-10.65	-26.87	-38.0	0.0
10.66	-3.77	63.34	10.66	-3.77	63.29	0.0
19.5	14.52	-31.25	19.51	14.51	-31.21	0.0
11.86	-16.94	-6.42	11.92	-16.79	-6.41	0.0
-12.06	1.59	12.92	-11.96	1.6	12.9	0.0
-19.51	-20.85	-46.73	-19.52	-20.83	-46.67	0.0
35.76	10.44	-15.65	35.76	10.44	-15.65	0.0
18.8	26.53	-4.62	18.8	26.54	-4.62	0.0
11.56	20.7	-13.67	11.45	20.74	-13.7	0.0
-7.03	8.39	-10.43	-7.0	8.3	-10.43	0.0
-6.05	-25.54	-33.26	-6.02	-25.58	-33.27	0.0
14.46	12.98	-22.33	14.56	13.05	-22.36	0.0
-1.66	-7.01	32.14	-1.66	-7.0	32.14	0.0
38.14	0.61	-13.05	38.1	0.61	-13.04	0.0
20.43	-12.1	-20.91	20.45	-12.09	-20.9	0.0
11.62	21.65	-12.75	11.7	21.62	-12.72	0.0
-20.59	-15.89	-5.88	-20.58	-15.87	-5.93	0.0
1.02	19.43	45.56	1.01	19.49	45.55	0.0
9.69	-5.55	63.39	9.69	-5.55	63.38	0.0
9.1	-6.6	34.77	9.1	-6.63	34.77	0.0
-14.29	-23.74	-43.38	-14.27	-23.87	-43.51	0.0
-6.03	5.28	-26.87	-6.02	5.29	-26.88	0.0
21.67	17.66	-29.05	21.64	17.62	-28.99	0.0
-12.14	9.72	20.2	-11.97	9.75	20.2	0.0
23.34	11.67	41.0	23.31	11.66	40.99	0.0
14.21	19.2	60.32	14.14	19.1	60.3	0.0
-15.03	0.91	3.55	-15.02	0.91	3.54	0.0
-28.03	0.79	-12.51	-28.04	0.83	-12.42	0.0
25.34	1.63	-29.44	25.3	1.57	-29.57	0.0
-24.47	-32.66	-24.88	-24.49	-32.78	-24.87	0.0
-4.25	-25.98	-26.27	-4.32	-25.89	-26.25	0.0
13.82	23.35	-16.75	13.8	23.36	-16.76	0.0
2.9	18.48	58.27	2.9	18.5	58.27	0.0
16.19	-7.93	14.06	16.19	-7.91	14.06	0.0
-4.55	-25.99	-27.55	-4.57	-25.96	-27.55	0.0
18.09	-8.66	-22.31	18.11	-8.64	-22.29	0.0
-34.88	-27.76	-26.66	-34.79	-27.65	-26.65	0.0
-43.05	-4.97	-20.34	-43.04	-4.98	-20.34	0.0
3.0	2.15	-21.93	3.0	2.14	-21.92	0.0
-26.92	6.97	-15.66	-26.92	6.98	-15.64	0.0
32.84	17.7	-13.22	32.87	17.72	-13.22	0.0
11.31	17.84	-12.51	11.25	17.83	-12.52	0.0
8.84	23.79	-3.97	8.81	23.82	-3.99	0.0
34.91	15.67	-0.47	34.94	15.69	-0.48	0.0
-9.03	-26.87	-36.05	-8.99	-26.93	-36.09	0.0
14.89	-4.82	57.22	14.86	-4.77	57.22	0.0
4.95	21.82	33.39	4.95	21.77	33.38	0.0
38.26	2.03	8.35	38.26	2.03	8.35	0.0
-3.08	-4.58	56.2	-3.09	-4.6	56.2	0.0
-7.3	-23.83	-14.67	-7.26	-23.9	-14.61	0.0
-10.84	8.71	11.86	-10.77	8.67	11.88	0.0
4.13	12.73	63.18	4.13	12.72	63.15	0.0
-8.73	25.09	27.49	-8.72	25.19	27.52	0.0
-41.32	-18.36	-29.57	-41.31	-18.36	-29.57	0.0
28.03	-0.77	20.82	28.13	-0.82	20.87	0.0
-12.08	10.35	-24.18	-12.04	10.42	-24.19	0.0
8.35	22.39	31.23	8.36	22.31	31.23	0.0
11.85	24.45	-8.43	11.74	24.55	-8.47	0.0
8.26	25.82	6.7	8.32	25.67	6.68	0.0
13.02	20.09	60.55	12.93	19.99	60.52	0.0
20.86	9.26	61.73	20.81	9.25	61.72	0.0
2.42	23.74	23.67	2.42	23.77	23.67	0.0
-38.46	-20.9	-16.56	-38.6	-20.99	-16.47	0.0
-15.37	11.2	-29.58	-15.33	11.29	-29.6	0.0
-4.28	17.11	45.49	-4.26	17.1	45.47	0.0
28.98	-5.25	12.86	28.94	-5.14	12.8	0.0
-9.07	22.7	18.43	-9.08	22.79	18.37	0.0
-16.7	1.43	-1.42	-16.78	1.5	-1.4	0.0
-28.05	-14.16	-47.59	-28.02	-14.14	-47.53	0.0
-31.45	-28.08	-35.6	-31.44	-28.06	-35.59	0.0
-23.22	11.78	-21.49	-23.23	11.86	-21.49	0.0
20.14	-9.9	4.64	20.13	-9.87	4.63	0.0
-44.37	-8.66	-25.1	-44.25	-8.65	-25.07	0.0
-8.28	-18.52	-7.57	-8.28	-18.51	-7.59	0.0
-13.73	-28.67	-37.35	-13.72	-28.73	-37.38	0.0
22.02	-5.91	17.09	21.99	-5.82	17.07	0.0
11.27	-4.23	63.33	11.27	-4.23	63.31	0.0
1.82	-16.97	-24.5	1.79	-16.95	-24.48	0.0
-3.82	-23.49	-18.73	-3.81	-23.5	-18.72	0.0
30.06	9.62	18.56	30.06	9.62	18.56	0.0
-28.79	-29.48	-35.41	-28.75	-29.36	-35.34	0.0
-39.93	-14.7	-35.17	-39.88	-14.7	-35.16	0.0
17.3	20.39	-29.55	17.31	20.4	-29.57	0.0
-11.52	-3.05	-45.71	-11.48	-3.02	-45.76	0.0
19.77	21.39	26.22	19.77	21.39	26.22	0.0
-34.64	-1.22	-42.38	-34.68	-1.18	-42.46	0.0
-34.62	5.13	-17.52	-34.59	5.1	-17.52	0.0
-26.5	-4.76	-47.88	-26.51	-4.78	-47.84	0.0
-0.77	11.41	-5.5	-0.83	11.48	-5.54	0.0
9.39	-9.66	-22.14	9.39	-9.66	-22.13	0.0
-40.49	1.1	-27.17	-40.38	1.03	-27.16	0.0
9.6	9.93	-12.76	9.6	9.87	-12.71	0.0
-26.18	-10.47	-48.4	-26.18	-10.47	-48.41	0.0
-26.62	11.54	-25.23	-26.58	11.41	-25.24	0.0
-7.07	-20.41	-10.14	-7.07	-20.41	-10.14	0.0
-12.95	4.85	2.05	-12.92	4.81	2.04	0.0
8.79	22.96	-5.46	8.74	23.0	-5.5	0.0
14.24	-15.83	-13.18	14.2	-15.95	-13.23	0.0
-29.73	-12.12	-47.3	-29.72	-12.12	-47.26	0.0
-6.73	2.99	56.22	-6.58	3.01	56.22	0.0
16.52	-4.85	45.37	16.62	-5.02	45.39	0.0
-26.31	-19.35	-6.99	-26.29	-19.36	-7.11	0.0
-10.58	6.97	23.71	-10.57	6.97	23.71	0.0
11.51	19.63	-22.66	11.44	19.66	-22.65	0.0
-23.13	1.24	-11.14	-23.21	1.31	-11.06	0.0
-16.52	-31.83	-22.55	-16.58	-31.63	-22.59	0.0
21.62	10.29	55.99	21.88	10.34	56.02	0.0
-1.84	-5.77	41.08	-1.84	-5.77	41.08	0.0
-6.18	10.09	53.34	-6.36	10.15	53.35	0.0
24.49	-11.33	-1.64	24.5	-11.35	-1.63	0.0
9.27	23.7	-5.11	9.28	23.69	-5.11	0.0
-13.02	10.74	-25.24	-13.04	10.69	-25.23	0.0
23.03	22.93	12.73	22.99	22.81	12.71	0.0
13.32	22.22	38.59	13.33	22.19	38.59	0.0
11.19	25.24	13.38	11.18	25.35	13.41	0.0
10.92	23.51	23.88	10.92	23.6	23.89	0.0
18.23	24.12	14.76	18.19	23.98	14.74	0.0
24.31	-14.86	-14.43	24.25	-14.76	-14.42	0.0
-7.18	-1.29	30.1	-7.19	-1.29	30.1	0.0
21.15	-11.59	-21.34	21.15	-11.59	-21.34	0.0
2.67	-18.0	-11.68	2.68	-18.01	-11.68	0.0
-12.46	4.71	11.23	-12.58	4.72	11.24	0.0
-40.04	1.68	-28.59	-40.08	1.71	-28.59	0.0
-1.0	12.27	-3.18	-0.96	12.21	-3.15	0.0
4.77	4.7	63.39	4.77	4.7	63.36	0.0
